{
 "cells": [
  {
   "cell_type": "markdown",
   "metadata": {},
   "source": [
    "# Integrantes e Link do Vídeo"
   ]
  },
  {
   "cell_type": "markdown",
   "metadata": {},
   "source": [
    "* Bernardo Maia Coelho - 12542481\n",
    "* Gustavo Wadas Lopes - 12745640\n",
    "* Pedro Guilherme dos Reis Teixeira - 12542477\n",
    "* Pedro Henrique Vilela do Nascimento - 12803492\n",
    "\n",
    "[Link do vídeo do trabalho 1](https://youtu.be/QR3MZX6I77E)"
   ]
  },
  {
   "cell_type": "markdown",
   "metadata": {},
   "source": [
    "# Setup"
   ]
  },
  {
   "cell_type": "markdown",
   "metadata": {},
   "source": [
    "### Libraries"
   ]
  },
  {
   "cell_type": "code",
   "execution_count": 1,
   "metadata": {
    "ExecuteTime": {
     "end_time": "2024-05-12T15:53:14.993557Z",
     "start_time": "2024-05-12T15:53:14.986556Z"
    }
   },
   "outputs": [],
   "source": [
    "import glfw\n",
    "from OpenGL.GL import *\n",
    "import numpy as np\n",
    "import glm\n",
    "import math\n",
    "from typing import TypedDict\n",
    "from PIL import Image"
   ]
  },
  {
   "cell_type": "markdown",
   "metadata": {},
   "source": [
    "### Abre a Janela"
   ]
  },
  {
   "cell_type": "code",
   "execution_count": 2,
   "metadata": {
    "ExecuteTime": {
     "end_time": "2024-05-12T15:53:15.140564Z",
     "start_time": "2024-05-12T15:53:14.998183Z"
    }
   },
   "outputs": [],
   "source": [
    "glfw.init()\n",
    "glfw.window_hint(glfw.VISIBLE, glfw.FALSE)\n",
    "altura = 1600\n",
    "largura = 1200\n",
    "window = glfw.create_window(largura, altura, \"Malhas e Texturas\", None, None)\n",
    "glfw.make_context_current(window)\n",
    "glfw.set_input_mode(window, glfw.CURSOR, glfw.CURSOR_DISABLED)"
   ]
  },
  {
   "cell_type": "markdown",
   "metadata": {},
   "source": [
    "### Vertex e Fragment Shaders"
   ]
  },
  {
   "cell_type": "code",
   "execution_count": 3,
   "metadata": {
    "ExecuteTime": {
     "end_time": "2024-05-12T15:53:15.145795Z",
     "start_time": "2024-05-12T15:53:15.142879Z"
    }
   },
   "outputs": [],
   "source": [
    "vertex_code = \"\"\"\n",
    "        attribute vec3 position;\n",
    "        attribute vec2 texture_coord;\n",
    "        attribute vec3 normals;\n",
    "        \n",
    "       \n",
    "        varying vec2 out_texture;\n",
    "        varying vec3 out_fragPos;\n",
    "        varying vec3 out_normal;\n",
    "                \n",
    "        uniform mat4 model;\n",
    "        uniform mat4 view;\n",
    "        uniform mat4 projection;        \n",
    "        \n",
    "        void main(){\n",
    "            gl_Position = projection * view * model * vec4(position,1.0);\n",
    "            out_texture = vec2(texture_coord);\n",
    "            out_fragPos = vec3(model * vec4(position, 1.0));\n",
    "            out_normal = normals;            \n",
    "        }\n",
    "        \"\"\"\n",
    "\n",
    "fragment_code = \"\"\"\n",
    "        uniform vec4 color;\n",
    "        varying vec2 out_texture;\n",
    "        uniform sampler2D samplerTexture;\n",
    "        \n",
    "        uniform vec3 lightPos; // define coordenadas de posicao da luz\n",
    "        uniform float ka; // coeficiente de reflexao ambiente\n",
    "        uniform float kd; // coeficiente de reflexao difusa\n",
    "        \n",
    "        vec3 lightColor = vec3(1.0, 1.0, 1.0);\n",
    "\n",
    "        varying vec3 out_normal; // recebido do vertex shader\n",
    "        varying vec3 out_fragPos; // recebido do vertex shader\n",
    "        \n",
    "        void main(){\n",
    "            vec4 texture = texture2D(samplerTexture, out_texture);\n",
    "            gl_FragColor = texture;\n",
    "        }\n",
    "        \"\"\""
   ]
  },
  {
   "cell_type": "code",
   "execution_count": 4,
   "metadata": {
    "ExecuteTime": {
     "end_time": "2024-05-12T15:53:15.162702Z",
     "start_time": "2024-05-12T15:53:15.148222Z"
    }
   },
   "outputs": [],
   "source": [
    "# Request a program and shader slots from GPU\n",
    "program  = glCreateProgram()\n",
    "vertex   = glCreateShader(GL_VERTEX_SHADER)\n",
    "fragment = glCreateShader(GL_FRAGMENT_SHADER)\n",
    "\n",
    "# Set shaders source\n",
    "glShaderSource(vertex, vertex_code)\n",
    "glShaderSource(fragment, fragment_code)\n",
    "\n",
    "# Compile shaders\n",
    "glCompileShader(vertex)\n",
    "if not glGetShaderiv(vertex, GL_COMPILE_STATUS):\n",
    "    error = glGetShaderInfoLog(vertex).decode()\n",
    "    print(error)\n",
    "    raise RuntimeError(\"Erro de compilacao do Vertex Shader\")\n",
    "\n",
    "\n",
    "glCompileShader(fragment)\n",
    "if not glGetShaderiv(fragment, GL_COMPILE_STATUS):\n",
    "    error = glGetShaderInfoLog(fragment).decode()\n",
    "    print(error)\n",
    "    raise RuntimeError(\"Erro de compilacao do Fragment Shader\")"
   ]
  },
  {
   "cell_type": "code",
   "execution_count": 5,
   "metadata": {
    "ExecuteTime": {
     "end_time": "2024-05-12T15:53:15.170415Z",
     "start_time": "2024-05-12T15:53:15.166179Z"
    }
   },
   "outputs": [],
   "source": [
    "# Attach shader objects to the program\n",
    "glAttachShader(program, vertex)\n",
    "glAttachShader(program, fragment)\n",
    "\n",
    "# Build program\n",
    "glLinkProgram(program)\n",
    "if not glGetProgramiv(program, GL_LINK_STATUS):\n",
    "    print(glGetProgramInfoLog(program))\n",
    "    raise RuntimeError('Linking error')\n",
    "    \n",
    "# Make program the default program\n",
    "glUseProgram(program)"
   ]
  },
  {
   "cell_type": "markdown",
   "metadata": {},
   "source": [
    "# Matriz Model, View, Projection"
   ]
  },
  {
   "cell_type": "code",
   "execution_count": 6,
   "metadata": {
    "ExecuteTime": {
     "end_time": "2024-05-12T15:53:15.183371Z",
     "start_time": "2024-05-12T15:53:15.172293Z"
    }
   },
   "outputs": [],
   "source": [
    "def model(angle, r_x, r_y, r_z, t_x, t_y, t_z, s_x, s_y, s_z):\n",
    "    angle = math.radians(angle)\n",
    "    \n",
    "    matrix_transform = glm.mat4(1.0) # instanciando uma matriz identidade\n",
    "    \n",
    "    # aplicando translacao\n",
    "    matrix_transform = glm.translate(matrix_transform, glm.vec3(t_x, t_y, t_z))    \n",
    "    \n",
    "    # aplicando rotacao\n",
    "    matrix_transform = glm.rotate(matrix_transform, angle, glm.vec3(r_x, r_y, r_z))\n",
    "    \n",
    "    # aplicando escala\n",
    "    matrix_transform = glm.scale(matrix_transform, glm.vec3(s_x, s_y, s_z))\n",
    "    \n",
    "    matrix_transform = np.array(matrix_transform) # pegando a transposta da matriz (glm trabalha com ela invertida)\n",
    "    \n",
    "    return matrix_transform\n",
    "\n",
    "def view():\n",
    "    global cameraPos, cameraFront, cameraUp\n",
    "    mat_view = glm.lookAt(cameraPos, cameraPos + cameraFront, cameraUp)\n",
    "    \n",
    "    # print(mat_view)\n",
    "    # print('\\n')\n",
    "    \n",
    "    mat_view = np.array(mat_view)\n",
    "    return mat_view\n",
    "\n",
    "def projection():\n",
    "    global altura, largura, inc_fov, inc_near, inc_far\n",
    "    # perspective parameters: fovy, aspect, near, far\n",
    "    mat_projection = glm.perspective(glm.radians(45.0), largura/altura, 0.1, 1000.0)\n",
    "    mat_projection = np.array(mat_projection)    \n",
    "    return mat_projection"
   ]
  },
  {
   "cell_type": "markdown",
   "metadata": {},
   "source": [
    "# Modelos e Texturas"
   ]
  },
  {
   "cell_type": "code",
   "execution_count": 7,
   "metadata": {
    "ExecuteTime": {
     "end_time": "2024-05-12T15:53:15.199086Z",
     "start_time": "2024-05-12T15:53:15.185421Z"
    }
   },
   "outputs": [],
   "source": [
    "def load_model_from_file(filename):\n",
    "    \"\"\"Loads a Wavefront OBJ file. \"\"\"\n",
    "\n",
    "    vertices = []\n",
    "    texture_coords = []\n",
    "    normals = []\n",
    "    faces = []\n",
    "\n",
    "    material = None\n",
    "\n",
    "    # abre o arquivo obj para leitura\n",
    "    for line in open(filename, \"r\"):  # para cada linha do arquivo .obj\n",
    "        line = line.split(\"#\")[0]\n",
    "        values = line.strip().split()  # quebra a linha por espaço\n",
    "        \n",
    "        if len(values) == 0: continue\n",
    "\n",
    "        match values[0]:\n",
    "            case 'v': vertices.append(values[1:4])\n",
    "            case 'vn': normals.append(values[1:4])\n",
    "            case 'vt': texture_coords.append(values[1:3])\n",
    "            case 'usemtl': material = values[1]\n",
    "            case 'usemat': material = values[1]\n",
    "            case 'f':\n",
    "                face = []\n",
    "                face_texture = []\n",
    "                face_normals = []\n",
    "\n",
    "                if len(values[1:]) == 3:  # trigs\n",
    "                    for v in values[1:]:\n",
    "\n",
    "                        w = v.split('/')\n",
    "                        face.append(int(w[0]))\n",
    "                        face_normals.append(int(w[2]))\n",
    "                        if len(w) >= 2 and len(w[1]) > 0:\n",
    "                            face_texture.append(int(w[1]))\n",
    "                        else:\n",
    "                            face_texture.append(0)\n",
    "\n",
    "                    faces.append((face, face_texture, face_normals, material))\n",
    "\n",
    "                elif len(values[1:]) == 4:  # quads\n",
    "\n",
    "                    trig1 = [values[1], values[2], values[3]]\n",
    "                    trig2 = [values[3], values[4], values[1]]\n",
    "\n",
    "                    for v in trig1:\n",
    "                        w = v.split('/')\n",
    "                        face.append(int(w[0]))\n",
    "                        face_normals.append(int(w[2]))\n",
    "                        if len(w) >= 2 and len(w[1]) > 0:\n",
    "                            face_texture.append(int(w[1]))\n",
    "                        else:\n",
    "                            face_texture.append(0)\n",
    "\n",
    "                    for v in trig2:\n",
    "                        w = v.split('/')\n",
    "                        face.append(int(w[0]))\n",
    "                        face_normals.append(int(w[2]))\n",
    "                        if len(w) >= 2 and len(w[1]) > 0:\n",
    "                            face_texture.append(int(w[1]))\n",
    "                        else:\n",
    "                            face_texture.append(0)\n",
    "\n",
    "                    faces.append((face, face_texture, face_normals, material))\n",
    "\n",
    "    model = {}\n",
    "    model['vertices'] = vertices\n",
    "    model['texture'] = texture_coords\n",
    "    model['faces'] = faces\n",
    "    model['normals'] = normals\n",
    "\n",
    "    return model"
   ]
  },
  {
   "cell_type": "code",
   "execution_count": 8,
   "metadata": {
    "ExecuteTime": {
     "end_time": "2024-05-12T15:53:15.211761Z",
     "start_time": "2024-05-12T15:53:15.201787Z"
    }
   },
   "outputs": [],
   "source": [
    "glHint(GL_LINE_SMOOTH_HINT, GL_DONT_CARE)\n",
    "glEnable(GL_BLEND)\n",
    "glBlendFunc(GL_SRC_ALPHA, GL_ONE_MINUS_SRC_ALPHA)\n",
    "glEnable(GL_LINE_SMOOTH)\n",
    "glEnable(GL_TEXTURE_2D)\n",
    "qtd_texturas = 10\n",
    "textures = glGenTextures(qtd_texturas)\n",
    "\n",
    "\n",
    "def load_texture_from_file(texture_id, img_textura):\n",
    "    glBindTexture(GL_TEXTURE_2D, texture_id)\n",
    "    glTexParameteri(GL_TEXTURE_2D, GL_TEXTURE_WRAP_S, GL_REPEAT)\n",
    "    glTexParameteri(GL_TEXTURE_2D, GL_TEXTURE_WRAP_T, GL_REPEAT)\n",
    "    glTexParameteri(GL_TEXTURE_2D, GL_TEXTURE_MIN_FILTER, GL_LINEAR)\n",
    "    glTexParameteri(GL_TEXTURE_2D, GL_TEXTURE_MAG_FILTER, GL_LINEAR)\n",
    "    img = Image.open(img_textura)\n",
    "    print(img_textura, img.mode)\n",
    "    img_width = img.size[0]\n",
    "    img_height = img.size[1]\n",
    "    image_data = img.convert(\"RGBA\").tobytes(\"raw\", \"RGBA\", 0, -1)\n",
    "\n",
    "    glTexImage2D(GL_TEXTURE_2D, 0, GL_RGBA, img_width, img_height,\n",
    "                 0, GL_RGBA, GL_UNSIGNED_BYTE, image_data)"
   ]
  },
  {
   "cell_type": "code",
   "execution_count": 9,
   "metadata": {},
   "outputs": [],
   "source": [
    "vertices_list = []\n",
    "normals_list = []\n",
    "textures_coord_list = []\n",
    "\n",
    "\n",
    "class Coordinates(TypedDict):\n",
    "    x = float\n",
    "    y = float\n",
    "    z = float\n",
    "\n",
    "\n",
    "class Model:\n",
    "    def __init__(self, obj: str, textures: list[int, str], angle: float, r: Coordinates, t: Coordinates, s: Coordinates):\n",
    "        global vertices_list, textures_coord_list, normals_list\n",
    "\n",
    "        self.model = load_model_from_file(obj)\n",
    "        self.textures = textures\n",
    "        self.angle = angle\n",
    "        self.r = r\n",
    "        self.t = t\n",
    "        self.s = s\n",
    "\n",
    "        self.vertices = []\n",
    "\n",
    "        # Se o modelo só tem um vértice, nós utilizamos o primeiro e o último apenas\n",
    "        if len(self.textures) == 1:\n",
    "            self.vertices.append(len(vertices_list))\n",
    "\n",
    "        # Guarda os vértices do modelo\n",
    "        faces_visited = []\n",
    "        for face in self.model['faces']:\n",
    "            if len(self.textures) > 1 and face[3] not in faces_visited:\n",
    "                self.vertices.append(len(vertices_list))\n",
    "                faces_visited.append(face[3])\n",
    "\n",
    "            # Conta a quantidade de vértices\n",
    "            for vertice_id in face[0]:\n",
    "                vertices_list.append(self.model['vertices'][vertice_id-1])\n",
    "\n",
    "            for texture_id in face[1]:\n",
    "                textures_coord_list.append(self.model['texture'][texture_id-1])\n",
    "\n",
    "            for normal_id in face[2]:\n",
    "                normals_list.append(self.model['normals'][normal_id-1])\n",
    "\n",
    "        self.vertices.append(len(vertices_list))\n",
    "\n",
    "        for t in textures:\n",
    "            load_texture_from_file(t[0], t[1])\n",
    "\n",
    "    def draw(self):\n",
    "        mat_model = model(self.angle,\n",
    "                          self.r['x'], self.r['y'], self.r['z'],\n",
    "                          self.t['x'], self.t['y'], self.t['z'],\n",
    "                          self.s['x'], self.s['y'], self.s['z'])\n",
    "\n",
    "        loc_model = glGetUniformLocation(program, \"model\")\n",
    "        glUniformMatrix4fv(loc_model, 1, GL_TRUE, mat_model)\n",
    "\n",
    "        # Carrega as texturas para cada face\n",
    "        for texture in self.textures:\n",
    "            index = self.textures.index(texture)\n",
    "            glBindTexture(GL_TEXTURE_2D, texture[0])\n",
    "            glDrawArrays(GL_TRIANGLES,\n",
    "                         self.vertices[index], self.vertices[index + 1] - self.vertices[index])"
   ]
  },
  {
   "cell_type": "code",
   "execution_count": 10,
   "metadata": {
    "ExecuteTime": {
     "end_time": "2024-05-12T15:53:15.237556Z",
     "start_time": "2024-05-12T15:53:15.214472Z"
    }
   },
   "outputs": [
    {
     "name": "stdout",
     "output_type": "stream",
     "text": [
      "terreno/terreno.png RGBA\n",
      "skybox/skybox.png RGBA\n",
      "caminho/caminho.jpg RGB\n",
      "gato/gato.jpg RGB\n",
      "lobo/lobo.jpg RGB\n",
      "torre/torre.jpg RGB\n",
      "arvore/casca.jpg RGB\n",
      "arvore/folhas.png RGBA\n",
      "golem/golem.tif RGB\n",
      "gaveta/gaveta.png RGBA\n",
      "caixa/caixa.jpg RGB\n"
     ]
    }
   ],
   "source": [
    "# Guarda os modelos carregados\n",
    "models = {\n",
    "    'terreno': Model('terreno/terreno.obj', [(0, 'terreno/terreno.png')], 0.0,\n",
    "                     {'x': 0.0, 'y': 0.0, 'z': 1.0}, \n",
    "                     {'x': 0.0, 'y': -1.01, 'z': 0.0}, \n",
    "                     {'x': 200.0, 'y': 200.0, 'z': 200.0}),\n",
    "    \n",
    "    'skybox': Model('skybox/skybox.obj', [(1, 'skybox/skybox.png')], 0.0, \n",
    "                    {'x': 0.0, 'y': 1.0, 'z': 0.0}, \n",
    "                    {'x': 0.0, 'y': 0.0, 'z': 0.0}, \n",
    "                    {'x': 3.0, 'y': 3.0, 'z': 3.0}),\n",
    "    \n",
    "    'caminho': Model('caminho/caminho.obj', [(2, 'caminho/caminho.jpg')], 0.0,\n",
    "                     {'x': 0.0, 'y': 1.0, 'z': 0.0},\n",
    "                     {'x': -54.0, 'y': -1.0, 'z': 0.0},\n",
    "                     {'x': 95.0, 'y': 1.0, 'z': 15.0}),\n",
    "    \n",
    "    'gato': Model('gato/gato.obj', [(3, 'gato/gato.jpg')], 90.0,\n",
    "                  {'x': -1.0, 'y': 0.0, 'z': 0.0},\n",
    "                  {'x': 30.0, 'y': 31.3, 'z': -3.7},\n",
    "                  {'x': 0.05, 'y': 0.05, 'z': 0.05}),\n",
    "    \n",
    "    'lobo': Model('lobo/lobo.obj', [(4, 'lobo/lobo.jpg')], -90.0,\n",
    "                  {'x': 0.0, 'y': 1.0, 'z': 0.0},\n",
    "                  {'x': 0.0, 'y': -1.0, 'z': 0.0},\n",
    "                  {'x': 12.0, 'y': 12.0, 'z': 12.0}),\n",
    "    \n",
    "    'torre': Model('torre/torre.obj', [(5, 'torre/torre.jpg')], 0.0,\n",
    "                   {'x': 0.0, 'y': 0.0, 'z': 1.0},\n",
    "                   {'x': 30.0, 'y': -4.0, 'z': 0.0},\n",
    "                   {'x': 5.0, 'y': 5.0, 'z': 5.0}),\n",
    "    \n",
    "    'arvore': Model('arvore/arvore.obj', [(6, 'arvore/casca.jpg'), (7, 'arvore/folhas.png')], 0.0,\n",
    "                    {'x': 0.0, 'y': 0.0, 'z': 1.0},\n",
    "                    {'x': 0.0, 'y': -1.0, 'z': 0.0},\n",
    "                    {'x': 7.0, 'y': 7.0, 'z': 7.0}),\n",
    "    \n",
    "    'golem': Model('golem/golem.obj', [(8, 'golem/golem.tif')], 90.0,\n",
    "                   {'x': 0.0, 'y': 1.0, 'z': 0.0},\n",
    "                   {'x': -110.0, 'y': -1.0, 'z': 0.0},\n",
    "                   {'x': 2.5, 'y': 2.5, 'z': 2.5}),\n",
    "    \n",
    "    'gaveta': Model('gaveta/gaveta.obj', [(9, 'gaveta/gaveta.png')], 180.0,\n",
    "                    {'x': 0.0, 'y': 1.0, 'z': 0.0},\n",
    "                    {'x': 33.5, 'y': 28.5, 'z': 2.0},\n",
    "                    {'x': 1.0, 'y': 1.0, 'z': 1.0}),\n",
    "    \n",
    "    'caixa': Model('caixa/caixa.obj', [(10, 'caixa/caixa.jpg')], 0.0,\n",
    "                   {'x': -1.0, 'y': 0.0, 'z': 0.0},\n",
    "                   {'x': 30.0, 'y': 30.0, 'z': -4.0},\n",
    "                   {'x': 1.2, 'y': 1.2, 'z': 1.2}),\n",
    "}"
   ]
  },
  {
   "cell_type": "markdown",
   "metadata": {},
   "source": [
    "# Definição de Desenhos"
   ]
  },
  {
   "cell_type": "code",
   "execution_count": 11,
   "metadata": {},
   "outputs": [],
   "source": [
    "def desenha_modelos(skybox_inc: float,\n",
    "                    lobo_x: float, lobo_z: float, lobo_scale: float, lobo_angle: float,\n",
    "                    arvore_qtd: int, arvore_positions: list[float, float]):\n",
    "\n",
    "    # Desenha de acordo com as especificações de cada modelo\n",
    "    for name, model in models.items():\n",
    "        match(name):\n",
    "            case 'skybox':\n",
    "                model.angle = skybox_inc\n",
    "                model.draw()\n",
    "                \n",
    "            case 'lobo':\n",
    "                model.angle = -90.0 + lobo_angle\n",
    "                model.t = {'x': lobo_x, 'y': -1.0, 'z': lobo_z}\n",
    "                model.s = {'x': 12 + lobo_scale, 'y': 12 + lobo_scale, 'z': 12 + lobo_scale}\n",
    "                model.draw()\n",
    "            \n",
    "            case 'arvore':\n",
    "                for i in range(arvore_qtd):\n",
    "                    model.t = {'x': arvore_positions[i][0], 'y': -1.0, 'z': arvore_positions[i][1]}\n",
    "                    model.draw()\n",
    "            \n",
    "            case _:\n",
    "                model.draw()"
   ]
  },
  {
   "cell_type": "markdown",
   "metadata": {},
   "source": [
    "# Rodando"
   ]
  },
  {
   "cell_type": "markdown",
   "metadata": {},
   "source": [
    "### Uso da GPU"
   ]
  },
  {
   "cell_type": "code",
   "execution_count": 12,
   "metadata": {
    "ExecuteTime": {
     "end_time": "2024-05-12T15:53:16.750603Z",
     "start_time": "2024-05-12T15:53:16.742459Z"
    }
   },
   "outputs": [],
   "source": [
    "buffer = glGenBuffers(3)"
   ]
  },
  {
   "cell_type": "code",
   "execution_count": 13,
   "metadata": {
    "ExecuteTime": {
     "end_time": "2024-05-12T15:53:17.134102Z",
     "start_time": "2024-05-12T15:53:16.752471Z"
    }
   },
   "outputs": [],
   "source": [
    "# Manda os vértices para a GPU\n",
    "vertices = np.zeros(len(vertices_list), [(\"position\", np.float32, 3)])\n",
    "vertices['position'] = vertices_list\n",
    "\n",
    "glBindBuffer(GL_ARRAY_BUFFER, buffer[0])\n",
    "glBufferData(GL_ARRAY_BUFFER, vertices.nbytes, vertices, GL_STATIC_DRAW)\n",
    "stride = vertices.strides[0]\n",
    "offset = ctypes.c_void_p(0)\n",
    "loc_vertices = glGetAttribLocation(program, \"position\")\n",
    "glEnableVertexAttribArray(loc_vertices)\n",
    "glVertexAttribPointer(loc_vertices, 3, GL_FLOAT, False, stride, offset)\n",
    "\n",
    "\n",
    "# Manda as texturas para a GPU\n",
    "textures = np.zeros(len(textures_coord_list), [(\"position\", np.float32, 2)]) # duas coordenadas\n",
    "textures['position'] = textures_coord_list\n",
    "\n",
    "glBindBuffer(GL_ARRAY_BUFFER, buffer[1])\n",
    "glBufferData(GL_ARRAY_BUFFER, textures.nbytes, textures, GL_STATIC_DRAW)\n",
    "stride = textures.strides[0]\n",
    "offset = ctypes.c_void_p(0)\n",
    "loc_texture_coord = glGetAttribLocation(program, \"texture_coord\")\n",
    "glEnableVertexAttribArray(loc_texture_coord)\n",
    "glVertexAttribPointer(loc_texture_coord, 2, GL_FLOAT, False, stride, offset)\n",
    "\n",
    "# Manda as normais para a GPU\n"
   ]
  },
  {
   "cell_type": "markdown",
   "metadata": {},
   "source": [
    "### Eventos"
   ]
  },
  {
   "cell_type": "code",
   "execution_count": 14,
   "metadata": {
    "ExecuteTime": {
     "end_time": "2024-05-12T15:53:17.143128Z",
     "start_time": "2024-05-12T15:53:17.135355Z"
    }
   },
   "outputs": [],
   "source": [
    "cameraPos = glm.vec3(25.0,  33.0,  0.0)\n",
    "cameraFront = glm.vec3(0.0,  0.0, -1.0)\n",
    "cameraUp = glm.vec3(0.0,  1.0,  0.0)\n",
    "\n",
    "trap_mouse = True\n",
    "polygonal_mode = False\n",
    "\n",
    "inc_fov = 0\n",
    "inc_near = 0\n",
    "inc_far = 0\n",
    "inc_view_up = 0\n",
    "\n",
    "x_move = 0\n",
    "z_move = 0\n",
    "scale = 0\n",
    "rotate = 0\n",
    "\n",
    "\n",
    "def check_validity(position):\n",
    "    cameraAbs = math.sqrt((position.x ** 2) +\n",
    "                          (position.y ** 2) + (position.z ** 2))\n",
    "    if (cameraAbs < 138.0) and position.y >= 0:\n",
    "        return True\n",
    "    else:\n",
    "        return False\n",
    "\n",
    "\n",
    "def key_event(window, key, scancode, action, mods):\n",
    "    global cameraPos, cameraFront, cameraUp, polygonal_mode, trap_mouse, inc_fov, inc_near, inc_far, cameraUp, inc_view_up\n",
    "    global x_move, z_move, scale, rotate\n",
    "\n",
    "    cameraSpeed = 0.75\n",
    "\n",
    "    if key == 87 and (action == 1 or action == 2):  # tecla W\n",
    "        if check_validity(cameraPos + (cameraSpeed * cameraFront)):\n",
    "            cameraPos += cameraSpeed * cameraFront\n",
    "\n",
    "    if key == 83 and (action == 1 or action == 2):  # tecla S\n",
    "        if check_validity(cameraPos - (cameraSpeed * cameraFront)):\n",
    "            cameraPos -= cameraSpeed * cameraFront\n",
    "\n",
    "    if key == 65 and (action == 1 or action == 2):  # tecla A\n",
    "        if check_validity(cameraPos - glm.normalize(glm.cross(cameraFront, cameraUp)) * cameraSpeed):\n",
    "            cameraPos -= glm.normalize(glm.cross(cameraFront, cameraUp)) * cameraSpeed\n",
    "\n",
    "    if key == 68 and (action == 1 or action == 2):  # tecla D\n",
    "        if check_validity(cameraPos + glm.normalize(glm.cross(cameraFront, cameraUp)) * cameraSpeed):\n",
    "            cameraPos += glm.normalize(glm.cross(cameraFront, cameraUp)) * cameraSpeed\n",
    "\n",
    "    if key == 80 and action == 1:\n",
    "        polygonal_mode = not polygonal_mode  # tecla P\n",
    "\n",
    "    if key == 77 and action == 1:\n",
    "        trap_mouse = not trap_mouse  # tecla M\n",
    "\n",
    "    # Move no eixo x e z\n",
    "    if key == 265:\n",
    "        x_move -= 0.5  # ArrowUp\n",
    "    if key == 264:\n",
    "        x_move += 0.5  # ArrowDown\n",
    "    if key == 263:\n",
    "        z_move += 0.25  # ArrowLeft\n",
    "    if key == 262:\n",
    "        z_move -= 0.25  # Arrow Right\n",
    "\n",
    "    # Aumenta e diminui escala\n",
    "    if key == 90:\n",
    "        scale += 0.5  # Tecla Z\n",
    "    if key == 88:\n",
    "        scale -= 0.5  # Tecla X\n",
    "\n",
    "    # Roda no sentido horário e anti-horário\n",
    "    if key == 67:\n",
    "        rotate -= 3  # Tecla C\n",
    "    if key == 86:\n",
    "        rotate += 3  # Tecla V\n",
    "\n",
    "\n",
    "firstMouse = True\n",
    "yaw = 20.0\n",
    "pitch = 5.0\n",
    "lastX = largura/2\n",
    "lastY = altura/2\n",
    "\n",
    "\n",
    "def mouse_event(window, xpos, ypos):\n",
    "    global firstMouse, cameraFront, yaw, pitch, lastX, lastY\n",
    "    if firstMouse:\n",
    "        lastX = xpos\n",
    "        lastY = ypos\n",
    "        firstMouse = False\n",
    "\n",
    "    xoffset = xpos - lastX\n",
    "    yoffset = lastY - ypos\n",
    "    lastX = xpos\n",
    "    lastY = ypos\n",
    "\n",
    "    sensitivity = 0.3\n",
    "    xoffset *= sensitivity\n",
    "    yoffset *= sensitivity\n",
    "\n",
    "    yaw += xoffset\n",
    "    pitch += yoffset\n",
    "\n",
    "    if pitch >= 89.9:\n",
    "        pitch = 89.9\n",
    "    if pitch <= -89.9:\n",
    "        pitch = -89.9\n",
    "\n",
    "    front = glm.vec3()\n",
    "    front.x = math.cos(glm.radians(yaw)) * math.cos(glm.radians(pitch))\n",
    "    front.y = math.sin(glm.radians(pitch))\n",
    "    front.z = math.sin(glm.radians(yaw)) * math.cos(glm.radians(pitch))\n",
    "    cameraFront = glm.normalize(front)\n",
    "\n",
    "\n",
    "glfw.set_key_callback(window, key_event)\n",
    "glfw.set_cursor_pos_callback(window, mouse_event)"
   ]
  },
  {
   "cell_type": "markdown",
   "metadata": {},
   "source": [
    "### Execução Final"
   ]
  },
  {
   "cell_type": "code",
   "execution_count": 15,
   "metadata": {
    "ExecuteTime": {
     "end_time": "2024-05-12T15:53:17.217424Z",
     "start_time": "2024-05-12T15:53:17.145857Z"
    }
   },
   "outputs": [],
   "source": [
    "glfw.show_window(window)\n",
    "glfw.set_cursor_pos(window, lastX, lastY)"
   ]
  },
  {
   "cell_type": "code",
   "execution_count": 16,
   "metadata": {
    "ExecuteTime": {
     "end_time": "2024-05-12T15:53:32.662301Z",
     "start_time": "2024-05-12T15:53:17.220498Z"
    }
   },
   "outputs": [
    {
     "name": "stdout",
     "output_type": "stream",
     "text": [
      "[[ -0.39073128   0.           0.9205048    9.768282  ]\n",
      " [  0.50268877   0.83771926   0.2133788  -40.211952  ]\n",
      " [ -0.7711246    0.54610115  -0.3273231    1.2567768 ]\n",
      " [  0.           0.           0.           1.        ]]\n",
      "[[ -0.41469288   0.           0.90996146  10.367322  ]\n",
      " [  0.6741026    0.6717219    0.30720592 -39.019386  ]\n",
      " [ -0.611241     0.7408035   -0.27855825  -9.165489  ]\n",
      " [  0.           0.           0.           1.        ]]\n",
      "[[-7.6614451e-01  0.0000000e+00  6.4266837e-01  1.9153612e+01]\n",
      " [ 6.4266735e-01  1.7450980e-03  7.6614332e-01 -1.6124273e+01]\n",
      " [-1.1215192e-03  9.9999845e-01 -1.3369971e-03 -3.2971912e+01]\n",
      " [ 0.0000000e+00  0.0000000e+00  0.0000000e+00  1.0000000e+00]]\n",
      "[[-8.5464728e-01  0.0000000e+00  5.1920909e-01  2.1366182e+01]\n",
      " [ 5.1920831e-01  1.7449411e-03  8.5464597e-01 -1.3037790e+01]\n",
      " [-9.0598920e-04  9.9999845e-01 -1.4913091e-03 -3.2977303e+01]\n",
      " [ 0.0000000e+00  0.0000000e+00  0.0000000e+00  1.0000000e+00]]\n",
      "[[-9.3480474e-01  0.0000000e+00  3.5516202e-01  2.3370119e+01]\n",
      " [ 3.5516152e-01  1.7453651e-03  9.3480343e-01 -8.9366350e+00]\n",
      " [-6.1988743e-04  9.9999857e-01 -1.6315756e-03 -3.2984459e+01]\n",
      " [ 0.0000000e+00  0.0000000e+00  0.0000000e+00  1.0000000e+00]]\n",
      "[[-9.4882244e-01  0.0000000e+00  3.1581020e-01  2.3720560e+01]\n",
      " [ 3.1580973e-01  1.7454247e-03  9.4882095e-01 -7.9528422e+00]\n",
      " [-5.5122288e-04  9.9999845e-01 -1.6560979e-03 -3.2986172e+01]\n",
      " [ 0.0000000e+00  0.0000000e+00  0.0000000e+00  1.0000000e+00]]\n",
      "[[-9.6817714e-01  0.0000000e+00  2.5026584e-01  2.4204428e+01]\n",
      " [ 2.5026545e-01  1.7452728e-03  9.6817565e-01 -6.3142300e+00]\n",
      " [-4.3678217e-04  9.9999845e-01 -1.6897332e-03 -3.2989033e+01]\n",
      " [ 0.0000000e+00  0.0000000e+00  0.0000000e+00  1.0000000e+00]]\n",
      "[[-9.7200292e-01  0.0000000e+00  2.3496872e-01  2.4300074e+01]\n",
      " [ 2.3496838e-01  1.7452508e-03  9.7200155e-01 -5.9318027e+00]\n",
      " [-4.1007937e-04  9.9999857e-01 -1.6963889e-03 -3.2989704e+01]\n",
      " [ 0.0000000e+00  0.0000000e+00  0.0000000e+00  1.0000000e+00]]\n",
      "[[-9.7305846e-01  0.0000000e+00  2.3055874e-01  2.4326462e+01]\n",
      " [ 2.3055841e-01  1.7455423e-03  9.7305709e-01 -5.8215632e+00]\n",
      " [-4.0244998e-04  9.9999857e-01 -1.6985144e-03 -3.2989895e+01]\n",
      " [ 0.0000000e+00  0.0000000e+00  0.0000000e+00  1.0000000e+00]]\n",
      "[[-9.7305846e-01  0.0000000e+00  2.3055874e-01  2.4326462e+01]\n",
      " [ 2.3055841e-01  1.7455423e-03  9.7305709e-01 -5.8215632e+00]\n",
      " [-4.0244998e-04  9.9999857e-01 -1.6985144e-03 -3.2989895e+01]\n",
      " [ 0.0000000e+00  0.0000000e+00  0.0000000e+00  1.0000000e+00]]\n",
      "[[-9.7305846e-01  0.0000000e+00  2.3055874e-01  2.4326462e+01]\n",
      " [ 2.3055841e-01  1.7455423e-03  9.7305709e-01 -5.8215632e+00]\n",
      " [-4.0244998e-04  9.9999857e-01 -1.6985144e-03 -3.2989895e+01]\n",
      " [ 0.0000000e+00  0.0000000e+00  0.0000000e+00  1.0000000e+00]]\n",
      "[[-9.7305846e-01  0.0000000e+00  2.3055874e-01  2.4326462e+01]\n",
      " [ 2.3055841e-01  1.7455423e-03  9.7305709e-01 -5.8215632e+00]\n",
      " [-4.0244998e-04  9.9999857e-01 -1.6985144e-03 -3.2989895e+01]\n",
      " [ 0.0000000e+00  0.0000000e+00  0.0000000e+00  1.0000000e+00]]\n",
      "[[-9.7305846e-01  0.0000000e+00  2.3055874e-01  2.4326462e+01]\n",
      " [ 2.3055841e-01  1.7455423e-03  9.7305709e-01 -5.8215632e+00]\n",
      " [-4.0244998e-04  9.9999857e-01 -1.6985144e-03 -3.2989895e+01]\n",
      " [ 0.0000000e+00  0.0000000e+00  0.0000000e+00  1.0000000e+00]]\n",
      "[[-9.7305846e-01  0.0000000e+00  2.3055874e-01  2.4326462e+01]\n",
      " [ 2.3055841e-01  1.7455423e-03  9.7305709e-01 -5.8215632e+00]\n",
      " [-4.0244998e-04  9.9999857e-01 -1.6985144e-03 -3.2989895e+01]\n",
      " [ 0.0000000e+00  0.0000000e+00  0.0000000e+00  1.0000000e+00]]\n",
      "[[-9.7305846e-01  0.0000000e+00  2.3055874e-01  2.4326462e+01]\n",
      " [ 2.3055841e-01  1.7455423e-03  9.7305709e-01 -5.8215632e+00]\n",
      " [-4.0244998e-04  9.9999857e-01 -1.6985144e-03 -3.2989895e+01]\n",
      " [ 0.0000000e+00  0.0000000e+00  0.0000000e+00  1.0000000e+00]]\n",
      "[[-9.7305846e-01  0.0000000e+00  2.3055874e-01  2.4326462e+01]\n",
      " [ 2.3055841e-01  1.7455423e-03  9.7305709e-01 -5.8215632e+00]\n",
      " [-4.0244998e-04  9.9999857e-01 -1.6985144e-03 -3.2989895e+01]\n",
      " [ 0.0000000e+00  0.0000000e+00  0.0000000e+00  1.0000000e+00]]\n",
      "[[-9.7305846e-01  0.0000000e+00  2.3055874e-01  2.4326462e+01]\n",
      " [ 2.3055841e-01  1.7455423e-03  9.7305709e-01 -5.8215632e+00]\n",
      " [-4.0244998e-04  9.9999857e-01 -1.6985144e-03 -3.2989895e+01]\n",
      " [ 0.0000000e+00  0.0000000e+00  0.0000000e+00  1.0000000e+00]]\n",
      "[[-9.7305846e-01  0.0000000e+00  2.3055874e-01  2.4326462e+01]\n",
      " [ 2.3055841e-01  1.7455423e-03  9.7305709e-01 -5.8215632e+00]\n",
      " [-4.0244998e-04  9.9999857e-01 -1.6985144e-03 -3.2989895e+01]\n",
      " [ 0.0000000e+00  0.0000000e+00  0.0000000e+00  1.0000000e+00]]\n",
      "[[-9.7305846e-01  0.0000000e+00  2.3055874e-01  2.4326462e+01]\n",
      " [ 2.3055841e-01  1.7455423e-03  9.7305709e-01 -5.8215632e+00]\n",
      " [-4.0244998e-04  9.9999857e-01 -1.6985144e-03 -3.2989895e+01]\n",
      " [ 0.0000000e+00  0.0000000e+00  0.0000000e+00  1.0000000e+00]]\n",
      "[[-9.7305846e-01  0.0000000e+00  2.3055874e-01  2.4326462e+01]\n",
      " [ 2.3055841e-01  1.7455423e-03  9.7305709e-01 -5.8215632e+00]\n",
      " [-4.0244998e-04  9.9999857e-01 -1.6985144e-03 -3.2989895e+01]\n",
      " [ 0.0000000e+00  0.0000000e+00  0.0000000e+00  1.0000000e+00]]\n",
      "[[-9.7305846e-01  0.0000000e+00  2.3055874e-01  2.4326462e+01]\n",
      " [ 2.3055841e-01  1.7455423e-03  9.7305709e-01 -5.8215632e+00]\n",
      " [-4.0244998e-04  9.9999857e-01 -1.6985144e-03 -3.2989895e+01]\n",
      " [ 0.0000000e+00  0.0000000e+00  0.0000000e+00  1.0000000e+00]]\n",
      "[[-9.7305846e-01  0.0000000e+00  2.3055874e-01  2.4326462e+01]\n",
      " [ 2.3055841e-01  1.7455423e-03  9.7305709e-01 -5.8215632e+00]\n",
      " [-4.0244998e-04  9.9999857e-01 -1.6985144e-03 -3.2989895e+01]\n",
      " [ 0.0000000e+00  0.0000000e+00  0.0000000e+00  1.0000000e+00]]\n",
      "[[-9.7305846e-01  0.0000000e+00  2.3055874e-01  2.4326462e+01]\n",
      " [ 2.3055841e-01  1.7455423e-03  9.7305709e-01 -5.8215632e+00]\n",
      " [-4.0244998e-04  9.9999857e-01 -1.6985144e-03 -3.2989895e+01]\n",
      " [ 0.0000000e+00  0.0000000e+00  0.0000000e+00  1.0000000e+00]]\n",
      "[[-9.7305846e-01  0.0000000e+00  2.3055874e-01  2.4326462e+01]\n",
      " [ 2.3055841e-01  1.7455423e-03  9.7305709e-01 -5.8215632e+00]\n",
      " [-4.0244998e-04  9.9999857e-01 -1.6985144e-03 -3.2989895e+01]\n",
      " [ 0.0000000e+00  0.0000000e+00  0.0000000e+00  1.0000000e+00]]\n",
      "[[-9.7305846e-01  0.0000000e+00  2.3055874e-01  2.4326462e+01]\n",
      " [ 2.3055841e-01  1.7455423e-03  9.7305709e-01 -5.8215632e+00]\n",
      " [-4.0244998e-04  9.9999857e-01 -1.6985144e-03 -3.2989895e+01]\n",
      " [ 0.0000000e+00  0.0000000e+00  0.0000000e+00  1.0000000e+00]]\n",
      "[[-9.7305846e-01  0.0000000e+00  2.3055874e-01  2.4326462e+01]\n",
      " [ 2.3055841e-01  1.7455423e-03  9.7305709e-01 -5.8215632e+00]\n",
      " [-4.0244998e-04  9.9999857e-01 -1.6985144e-03 -3.2989895e+01]\n",
      " [ 0.0000000e+00  0.0000000e+00  0.0000000e+00  1.0000000e+00]]\n",
      "[[-9.7667068e-01  0.0000000e+00  2.1474256e-01  2.4416767e+01]\n",
      " [ 2.1473734e-01  6.9812615e-03  9.7664696e-01 -5.5988150e+00]\n",
      " [-1.4991739e-03  9.9997568e-01 -6.8183937e-03 -3.2961720e+01]\n",
      " [ 0.0000000e+00  0.0000000e+00  0.0000000e+00  1.0000000e+00]]\n",
      "[[-9.8294252e-01  0.0000000e+00  1.8391363e-01  2.4573563e+01]\n",
      " [ 1.8389991e-01  1.2216935e-02  9.8286915e-01 -5.0006566e+00]\n",
      " [-2.2468604e-03  9.9992537e-01 -1.2008542e-02 -3.2941364e+01]\n",
      " [ 0.0000000e+00  0.0000000e+00  0.0000000e+00  1.0000000e+00]]\n",
      "[[-9.8977727e-01  0.0000000e+00  1.4262174e-01  2.4744432e+01]\n",
      " [ 1.4260003e-01  1.7452393e-02  9.8962659e-01 -4.1409297e+00]\n",
      " [-2.4890909e-03  9.9984777e-01 -1.7273983e-02 -3.2932747e+01]\n",
      " [ 0.0000000e+00  0.0000000e+00  0.0000000e+00  1.0000000e+00]]\n",
      "[[-9.9791420e-01  0.0000000e+00  6.4553581e-02  2.4947855e+01]\n",
      " [ 6.4528413e-02  2.7921652e-02  9.9752510e-01 -2.5346248e+00]\n",
      " [-1.8024429e-03  9.9961007e-01 -2.7863417e-02 -3.2942074e+01]\n",
      " [ 0.0000000e+00  0.0000000e+00  0.0000000e+00  1.0000000e+00]]\n",
      "[[-9.9945110e-01  0.0000000e+00  3.3130754e-02  2.4986277e+01]\n",
      " [ 3.3117838e-02  2.7921597e-02  9.9906152e-01 -1.7493587e+00]\n",
      " [-9.2506345e-04  9.9961019e-01 -2.7906267e-02 -3.2964012e+01]\n",
      " [ 0.0000000e+00  0.0000000e+00  0.0000000e+00  1.0000000e+00]]\n",
      "[[-9.9896932e-01  0.0000000e+00 -4.5389477e-02  2.4974234e+01]\n",
      " [-4.5364521e-02  3.3155199e-02  9.9842012e-01  3.9991498e-02]\n",
      " [ 1.5048974e-03  9.9945021e-01 -3.3121031e-02 -3.3019478e+01]\n",
      " [ 0.0000000e+00  0.0000000e+00  0.0000000e+00  1.0000000e+00]]\n",
      "[[-9.7850645e-01  0.0000000e+00 -2.0621638e-01  2.4462662e+01]\n",
      " [-2.0602012e-01  4.3619584e-02  9.7757512e-01  3.7110567e+00]\n",
      " [ 8.9950729e-03  9.9904823e-01 -4.2682044e-02 -3.3193466e+01]\n",
      " [ 0.0000000e+00  0.0000000e+00  0.0000000e+00  1.0000000e+00]]\n",
      "[[-9.5476276e-01  0.0000000e+00 -2.9736876e-01  2.3869068e+01]\n",
      " [-2.9701379e-01  4.8849691e-02  9.5362300e-01  5.8133049e+00]\n",
      " [ 1.4526371e-02  9.9880624e-01 -4.6639860e-02 -3.3323765e+01]\n",
      " [ 0.0000000e+00  0.0000000e+00  0.0000000e+00  1.0000000e+00]]\n",
      "[[-9.0108365e-01  0.0000000e+00 -4.3364525e-01  2.2527092e+01]\n",
      " [-4.3301070e-01  5.4078504e-02  8.9976507e-01  9.0406771e+00]\n",
      " [ 2.3450889e-02  9.9853671e-01 -4.8729260e-02 -3.3537983e+01]\n",
      " [ 0.0000000e+00  0.0000000e+00  0.0000000e+00  1.0000000e+00]]\n",
      "[[ -0.8396132    0.          -0.5431849   20.99033   ]\n",
      " [ -0.5420527    0.06453273   0.83786315  11.421738  ]\n",
      " [  0.0350532    0.9979156   -0.05418252 -33.80755   ]\n",
      " [  0.           0.           0.           1.        ]]\n",
      "[[ -0.76153684   0.          -0.6481216   19.038422  ]\n",
      " [ -0.6462972    0.0749789    0.7593932   13.683126  ]\n",
      " [  0.04859545   0.9971851   -0.0570992  -34.121994  ]\n",
      " [  0.           0.           0.           1.        ]]\n",
      "[[ -0.69340736   0.          -0.7205459   17.335184  ]\n",
      " [ -0.71791255   0.08541625   0.6908732   15.129077  ]\n",
      " [  0.06154632   0.9963454   -0.05922825 -34.418056  ]\n",
      " [  0.           0.           0.           1.        ]]\n",
      "[[ -0.5891943    0.          -0.8079914   14.729857  ]\n",
      " [ -0.80538875   0.08019908   0.5872964   17.488148  ]\n",
      " [  0.06480017   0.99677885  -0.04725284 -34.513706  ]\n",
      " [  0.           0.           0.           1.        ]]\n",
      "[[ -0.5891943    0.          -0.8079914   14.729857  ]\n",
      " [ -0.80538875   0.08019908   0.5872964   17.488148  ]\n",
      " [  0.06480017   0.99677885  -0.04725284 -34.513706  ]\n",
      " [  0.           0.           0.           1.        ]]\n",
      "[[ -0.5891943    0.          -0.8079914   14.729857  ]\n",
      " [ -0.80538875   0.08019908   0.5872964   17.488148  ]\n",
      " [  0.06480017   0.99677885  -0.04725284 -34.513706  ]\n",
      " [  0.           0.           0.           1.        ]]\n",
      "[[ -0.5891943    0.          -0.8079914   14.729857  ]\n",
      " [ -0.80538875   0.08019908   0.5872964   17.488148  ]\n",
      " [  0.06480017   0.99677885  -0.04725284 -34.513706  ]\n",
      " [  0.           0.           0.           1.        ]]\n",
      "[[ -0.5891943    0.          -0.8079914   14.729857  ]\n",
      " [ -0.80538875   0.08019908   0.5872964   17.488148  ]\n",
      " [  0.06480017   0.99677885  -0.04725284 -34.513706  ]\n",
      " [  0.           0.           0.           1.        ]]\n",
